
strategic_region={
	id=10
	name="STRATEGICREGION_10"
	provinces={
		3 22 25 36 143 152 222 253 323 376 396 464 469 471 542 614 744 766 785 863 1017 1130 1138 1209 1218 1388 1421 1422 1464 1547 1625 1644 1647 1692 1703 1704 1729 1752 1761 1793 1900 2029 2948 2949 2950 2954 2955 2967 2970 2975 2982 2984 2986 2988 2991 2992 2993 3003 3005 3006 3007 3514 3520 3524 3534 3537 3557 3564 3569 3576 3582 3584 3589 3608 3616 4010 4021 4266 4342 4430 4521 4533 4549 4654 5107 5246 5316 5853 5967 6176 6343 6481 6540 6768 6990 7058 7084 7102 7188 7329 7452 7588 7610 7700 7798 7810 7885 7931 8203 8243 8248 8300 8510 8661 8811 8815 8830 8913 8943 9141 9171 9181 9190 9252 9336 9392 9426 9442 9542 9611 9650 9667 9719 9805 9818 9878 9932 9970 10920 10932 10950 10957 10959 10963 10981 10982 11000 11016 11017 11018 11022 11027 11029 11031 11045 11083 11086 11095 11119 11137 
	}
	naval_terrain=water_fjords
	weather={
	}
}
