
strategic_region={
	id=13
	name="STRATEGICREGION_13"
	provinces={
		48 56 58 68 92 99 163 185 188 235 267 309 317 335 364 365 384 400 430 449 473 519 527 558 581 587 604 610 616 625 661 682 763 786 788 836 854 878 887 907 937 951 957 979 1005 1029 1038 1045 1075 1103 1111 1112 1173 1210 1222 1242 1264 1271 1370 1415 1446 1455 1497 1548 1556 1661 1663 1758 1762 1909 2090 2874 2877 2882 2893 2894 2900 2910 2916 2923 2925 2931 2936 2940 2945 2953 2956 2957 2961 2965 2966 2972 2974 2976 2977 2987 2989 2994 2995 2999 3000 3002 3004 3403 3416 3418 3421 3429 3443 3447 3467 3502 3517 3527 3531 3583 3586 3587 3588 3594 3596 3597 3599 3602 3713 4016 6209 6747 7159 7358 7441 7724 8333 8419 8512 8643 8699 8751 9196 9453 9744 9869 9955 10845 10880 10911 10912 10928 10966 11006 11021 11041 11107 11112 11121 
	}
	naval_terrain=water_fjords
	weather={
	}
}
