
strategic_region={
	id=14
	name="STRATEGICREGION_14"
	provinces={
		156 196 326 371 372 373 412 485 543 593 605 639 650 687 725 790 811 838 949 953 1047 1220 1233 1359 1521 1526 1575 1580 1603 1708 1824 1835 1890 1920 1927 2034 2056 2665 2693 2716 2753 2776 2783 2797 2807 2813 2816 2842 2866 3341 3345 3350 3352 3355 3360 3361 3365 3366 3369 3371 3373 3381 3386 3394 3409 3411 5233 5706 6147 6452 6980 7010 7323 7357 8463 8857 9107 9298 9557 9623 9749 9901 10744 10773 10788 10803 10822 10831 
	}
	naval_terrain=water_shallow_sea
	weather={
	}
}
