
strategic_region={
	id=15
	name="STRATEGICREGION_15"
	provinces={
		7 13 24 33 67 113 161 221 227 230 233 262 274 285 288 289 355 393 394 403 406 418 435 454 468 472 481 501 524 536 577 583 588 609 626 652 727 737 750 830 862 879 983 996 1011 1051 1069 1091 1094 1114 1115 1120 1132 1135 1136 1145 1152 1177 1199 1201 1214 1226 1237 1238 1298 1305 1327 1349 1387 1393 1418 1425 1475 1492 1557 1595 1616 1632 1669 1677 1691 1697 1711 1808 1831 1858 1877 1878 1897 1958 1968 1972 2044 2062 2075 2429 2436 2442 2444 2446 2462 2474 2482 2509 2510 2525 2527 2531 2536 2538 2543 2549 2558 2559 2565 2568 2571 2594 2603 2606 2607 2617 2621 2622 2623 2628 2630 2639 2644 2649 2650 2653 2654 2669 2670 2672 2700 2731 2755 3173 3185 3195 3201 3204 3233 3235 3241 3249 3259 3265 3282 3300 3303 3307 3324 3327 3330 3333 3335 3336 3340 3342 3343 3346 3348 3883 4070 4184 4308 5040 5121 5313 5622 5880 6288 6312 6463 7053 7059 7112 7191 7339 7368 7370 7397 7697 7903 7993 8129 8235 8257 8400 8429 8446 8500 8676 8783 8833 8875 8885 8976 9085 9147 9154 9399 9479 9487 9501 9510 9513 9791 9916 10525 10544 10551 10586 10588 10589 10593 10603 10617 10641 10649 10659 10663 10665 10702 10703 10709 10721 10731 10737 10752 10772 10776 
	}
	naval_terrain=water_shallow_sea
	weather={
	}
}
