
strategic_region={
	id=16
	name="STRATEGICREGION_16"
	provinces={
		19 142 147 151 157 164 270 310 311 578 591 635 703 787 973 984 1034 1071 1397 1655 1798 1840 1862 1901 2947 2952 2958 2963 2964 2971 2980 2985 2996 3001 3496 3501 3512 3522 3523 3532 3533 3536 3539 3542 3545 3547 3550 3551 3553 3554 3559 3560 3566 3571 5295 5721 5865 5938 6149 6364 6661 6794 6870 7245 7296 8046 8172 8334 8414 8636 8770 9527 9546 9556 9877 9888 9896 9969 10974 10989 10991 10994 11020 11028 11030 11044 11056 11072 
	}
	naval_terrain=water_shallow_sea
	weather={
	}
}
