
strategic_region={
	id=17
	name="STRATEGICREGION_17"
	provinces={
		127 478 512 1028 1406 1534 1565 1654 1671 3556 3561 3562 3567 3570 3572 3574 3578 3579 3580 3591 3593 3595 3598 3604 3605 3609 3610 3612 3613 3614 3615 3617 3618 3619 3620 3621 3622 3623 3624 3625 3626 3627 3628 3629 3630 3631 3632 3633 3701 3730 3748 3774 3805 3837 3878 4144 4220 4234 4235 4409 4690 4747 4980 5003 5188 5326 5516 5572 5613 5695 5828 5956 5989 6043 6309 6355 6526 6778 6854 6858 7016 7033 7124 7152 7170 7246 7646 7770 7796 7843 7850 7875 7965 7966 7972 7984 8042 8256 8428 8486 8535 8584 8680 8693 8695 8735 8748 8778 8844 8925 9038 9106 9166 9276 9391 9431 9491 9517 9531 9552 9608 9655 9733 9828 9858 9876 9900 9906 9923 11134 11145 11152 11153 11155 11156 11163 11164 11168 11170 11175 11178 11181 11197 11210 11215 11218 11226 11232 
	}
	naval_terrain=water_fjords
	weather={
	}
}
