
strategic_region={
	id=19
	name="STRATEGICREGION_19"
	provinces={
		60 193 206 237 278 290 291 385 390 421 439 455 494 497 517 572 579 619 634 666 751 810 822 868 894 1043 1074 1086 1087 1126 1197 1211 1265 1269 1377 1403 1416 1428 1448 1503 1516 1536 1560 1609 1678 1693 1820 1827 1845 1875 1906 1910 1947 2068 2780 2788 2791 2795 2800 2802 2803 2806 2808 2809 2812 2822 2826 2828 2831 2849 2860 2895 2912 3357 3364 3367 3372 3379 3385 3395 3396 3400 4522 5648 6590 6901 7865 8949 8966 10824 10834 
	}
	naval_terrain=water_fjords
	weather={
	}
}
