
strategic_region={
	id=2
	name="STRATEGICREGION_2"
	provinces={
		43 66 87 117 210 281 370 413 416 520 695 696 820 857 895 985 1019 1174 1202 1223 1244 1261 1337 1485 1522 1601 1786 1867 1951 1997 1999 2040 2892 2905 2913 2915 2922 2935 2939 2959 3402 3404 3413 3419 3431 3433 3436 3448 3449 3456 3459 3462 3463 3472 3479 3481 3485 3499 3504 3505 3507 3508 3509 3510 3516 3518 3519 3521 3525 3526 3528 3529 3530 3535 3540 3541 4307 4579 4603 4803 5334 6098 6222 6425 6586 6784 6828 6971 6978 6989 7543 7608 7611 7792 7881 7977 8152 8199 8228 8309 8345 8356 8375 8388 8495 8509 8518 8543 8583 8625 8756 8846 8859 8894 8918 9027 9159 9163 9206 9413 9445 9469 9651 9814 9844 9943 10871 10872 10875 10882 10886 10907 10913 10919 10923 10929 10931 10933 10940 10949 10952 10953 10972 10978 11001 11003 11009 11013 11038 
	}
	naval_terrain=water_fjords
	weather={
	}
}
