
strategic_region={
	id=22
	name="STRATEGICREGION_22"
	provinces={
		6 44 75 141 171 176 229 247 277 283 308 316 398 409 414 420 431 482 487 546 547 556 560 561 615 649 679 686 701 705 713 748 772 799 801 823 844 883 912 918 935 946 981 1015 1030 1083 1123 1128 1169 1170 1253 1259 1302 1312 1317 1339 1341 1366 1378 1381 1383 1411 1412 1444 1452 1453 1555 1561 1600 1606 1613 1664 1689 1714 1759 1768 1770 1779 1819 1846 1855 1865 1894 1904 1917 1923 1928 1950 1986 2000 2015 2026 2035 2081 2082 2084 2570 2574 2575 2583 2588 2591 2599 2605 2613 2619 2620 2627 2631 2633 2634 2635 2655 2657 2666 2671 2675 2678 2679 2681 2683 2691 2696 2699 2710 2712 2715 2719 2720 2722 2730 2732 2735 2740 2741 2742 2745 2752 2763 2766 2767 2771 2773 2778 3306 3353 10782 11410 
	}
	naval_terrain=water_shallow_sea
	weather={
	}
}
