
strategic_region={
	id=22
	name="STRATEGICREGION_22"
	provinces={
		14 74 80 98 115 129 193 206 224 241 249 296 298 358 366 369 416 457 528 592 625 650 682 698 719 754 778 870 920 922 1059 1126 1145 1302 1316 1482 1501 1606 1608 1634 1687 1783 1920 1929 1948 2022 2023 2261 2444 2485 2491 2525 2537 2573 2685 2711 2748 2768 2800 2834 2850 2856 2873 2894 2930 2967 3010 3039 3070 3185 3233 3288 3295 4278 4283 4302 4303 4314 4324 4332 4341 4342 4353 4358 4372 4377 4384 4385 4398 4406 4407 4434 4435 4453 4454 4463 4473 4474 4486 4492 4493 4515 4516 4518 4531 4537 4544 4545 4552 4554 4555 4563 4574 4575 4576 4577 4583 4587 4606 4619 4620 4623 4624 4630 4631 4668 4672 4679 4700 4701 4702 4707 4715 4716 4717 4742 4743 4744 4748 4752 4754 4763 4766 4785 4793 4794 4796 4803 4816 4852 4872 4880 4886 4895 4898 4904 4922 4948 
	}
	weather={
	}
}
