
strategic_region={
	id=23
	name="STRATEGICREGION_23"
	provinces={
		26 42 74 83 84 120 133 183 186 232 246 255 292 332 363 380 386 477 580 617 714 724 749 770 848 855 886 928 934 1039 1113 1167 1190 1194 1248 1272 1279 1313 1347 1348 1361 1362 1445 1449 1488 1511 1578 1608 1617 1642 1658 1673 1701 1702 1735 1742 1802 1821 1836 1876 1921 1925 1984 2019 2021 2027 2045 2049 2050 2064 2069 2109 2111 2647 2673 2674 2694 2695 2698 2701 2702 2703 2721 2723 2724 2734 2737 2738 2747 2748 2749 2751 2754 2757 2760 2768 2769 2770 2779 2810 2811 2819 2823 2827 2836 2845 
	}
	weather={
	}
}
