
strategic_region={
	id=24
	name="STRATEGICREGION_24"
	provinces={
		40 89 329 336 365 428 446 1179 1210 1271 1298 1377 1433 1670 1688 1691 1768 1774 2003 2011 2014 2043 2108 2118 2162 2174 2308 2309 2314 2436 2443 2552 2566 2687 2741 2795 2806 2910 2917 3237 3254 3329 3770 3801 3803 3826 3834 3864 3883 3888 3890 3923 3928 3960 3985 4002 4014 4020 4042 4067 4099 4106 4115 4122 4128 4136 4144 4145 4161 4169 4184 4197 4219 4227 4230 4251 4267 4287 4320 4321 4338 4382 4393 4432 4466 4467 6744 7863 
	}
	weather={
	}
}
