
strategic_region={
	id=26
	name="STRATEGICREGION_26"
	provinces={
		24 35 100 103 289 333 398 452 568 588 641 771 774 851 876 950 951 966 998 1029 1098 1108 1117 1132 1142 1157 1162 1199 1214 1264 1292 1303 1358 1379 1463 1487 1518 1593 1611 1629 1630 1649 1727 1767 1784 1785 1847 1902 2052 2065 2066 2071 2112 2166 2168 2188 2194 2200 2246 2247 2265 2277 2318 2440 2466 2484 2506 2510 2611 2776 2780 2957 2960 2987 3009 3018 3047 3069 3154 3193 3224 3232 3247 3323 6072 6107 6144 6161 6167 6176 6180 6183 6189 6195 6201 6202 6209 6215 6217 6219 6228 6229 6230 6231 6233 6234 6237 6238 6244 6245 6246 6253 6259 6263 6267 6268 6269 6282 6299 6300 6301 6308 6312 6316 6319 6323 6324 6332 6341 6344 6349 6350 6351 6361 6367 6369 6372 6373 6376 6377 6382 6389 6396 6398 6402 6405 6408 6416 6417 6425 6429 6433 6436 6443 6446 6457 6459 6480 
	}
	weather={
	}
}
