
strategic_region={
	id=27
	name="STRATEGICREGION_27"
	provinces={
		165 242 247 261 295 382 721 804 873 901 992 1078 1091 1171 1182 1241 1338 1361 1375 1509 1668 1725 1736 1864 1883 1914 1971 2051 2098 2125 2128 2156 2192 2202 2256 2286 2303 2304 2316 2339 2345 2398 2406 2419 2447 2468 2471 2490 2504 2515 2571 2572 2577 2588 2613 2620 2638 2669 2759 2787 2789 2876 2964 3072 3081 3098 3113 3125 3320 4976 5013 5020 5024 5151 5157 5162 5174 5178 5192 5193 5197 5208 5216 5224 5236 5244 5265 5272 5274 5279 5283 5294 5295 5305 5317 5321 5327 5331 5332 5341 5356 5360 5361 5366 5367 5371 5376 5394 5400 5401 5409 5411 5419 5420 5421 5432 5442 5443 5449 5463 5464 5478 5485 5486 5489 5509 5513 5528 5533 5534 5535 5540 5557 5565 5587 5588 5601 5611 5612 5629 5655 5656 5657 5670 5680 5682 5695 5700 5711 5731 5748 5757 5790 5791 5801 5865 5900 5904 
	}
	weather={
	}
}
