
strategic_region={
	id=27
	name="STRATEGICREGION_27"
	provinces={
		2 184 251 338 445 538 554 629 651 685 775 797 893 900 991 1014 1057 1067 1105 1196 1224 1229 1325 1350 1400 1429 1463 1498 1698 1700 1816 1859 1860 1880 1924 1953 1965 2006 2092 2459 2465 2489 2505 2516 2552 2553 2562 2573 2595 2596 3269 3286 3308 3312 3313 3314 3315 3316 3317 3319 3325 3329 4227 4753 4913 5046 5176 5389 5413 5578 5655 7293 7570 7676 8080 8182 8216 8427 8621 8654 8848 9050 9403 9911 10596 10611 10613 10624 10628 10644 10695 10704 10705 10712 10726 
	}
	naval_terrain=water_shallow_sea
	weather={
	}
}
