
strategic_region={
	id=3
	name="STRATEGICREGION_3"
	provinces={
		3656 3658 3661 3662 3666 3670 3675 3695 3697 3706 3721 3722 3723 3729 3731 3735 3742 3755 3762 3765 3767 3773 3775 3784 3803 3809 3811 3823 3824 3826 3833 3848 3856 3857 3874 3877 3884 3885 3886 3889 3890 3891 3892 3906 3911 3912 3916 3934 3935 3936 3939 3942 3947 3948 3949 3953 3956 3957 3963 3965 3968 3970 3982 3984 3992 3995 4000 4002 4005 4006 4017 4023 4025 4026 4028 4034 4036 4039 4046 4047 4052 4058 4059 4072 4091 4107 4113 4115 4117 4125 4134 4137 4142 4157 4164 4165 4176 4185 4195 4218 4221 4224 4239 4240 4269 4270 4278 4285 4286 4301 4302 4305 4313 4316 4319 4321 4327 4329 4333 4340 4341 4344 4351 4354 4366 4371 4372 4379 4385 4398 4400 4401 4413 4416 4417 4420 4424 4426 4437 4439 4448 4459 4463 4469 4474 4476 4486 4488 4496 4498 4506 4508 4512 4523 4525 4531 4550 4551 4556 4560 4562 4565 4566 4570 4571 4576 4588 4591 4596 4597 4607 4614 4637 4644 4646 4658 4678 4682 4691 4692 4698 4699 4702 4712 4722 4723 4729 4733 4735 4744 4748 4750 4752 4764 4766 4768 4770 4777 4796 4802 4814 4815 4822 4830 4832 4835 4839 4856 4870 4872 4873 4885 4890 4893 4900 4907 4915 4920 4932 4937 4938 4948 4953 4955 4961 4969 4986 4991 5020 5023 5033 5042 5048 5049 5059 5065 5083 5085 5093 5095 5096 5114 5129 5143 5148 5152 5160 5161 5164 5171 5172 5187 5203 5208 5213 5218 5224 5225 5229 5234 5247 5252 5258 5267 5269 5278 5283 5285 5297 5304 5308 5312 5329 5330 5338 5339 5351 5359 5367 5373 5374 5376 5377 5391 5397 5399 5405 5407 5418 5420 5421 5426 5437 5440 5477 5481 5483 5494 5501 5504 5507 5515 5522 5525 5526 5535 5537 5541 5551 5563 5569 5574 5583 5584 5585 5591 5593 5598 5602 5604 5605 5609 5620 5623 5632 5635 5644 5658 5661 5673 5674 5677 5694 5710 5714 5716 5719 5723 5726 5737 5741 5748 5762 5768 5770 5771 5774 5776 5781 5785 5790 5791 5793 5801 5811 5823 5829 5831 5839 5844 5852 5860 5862 5868 5874 5881 5882 5887 5888 5890 5893 5897 5902 5909 5910 5912 5917 5922 5936 5941 5943 5945 5946 5951 5960 5961 5984 5986 5988 6018 6026 6031 6035 6049 6055 6060 6064 6072 6079 6080 6082 6091 6099 6103 6113 6119 6120 6131 6153 6162 6167 6170 6174 6193 6214 6221 6225 6237 6259 6262 6263 6268 6270 6277 6283 6290 6292 6296 6298 6299 6301 6303 6307 6310 6332 6340 6341 6342 6357 6358 6359 6370 6384 6391 6392 6398 6414 6423 6427 6429 6432 6437 6440 6457 6462 6474 6478 6499 6500 6503 6506 6508 6533 6550 6555 6560 6575 6584 6592 6596 6597 6607 6617 6618 6620 6627 6629 6647 6652 6669 6676 6678 6690 6698 6705 6707 6713 6714 6749 6751 6758 6762 6787 6797 6801 6806 6809 6819 6834 6836 6837 6838 6848 6850 6864 6873 6881 6883 6884 6888 6892 6893 6895 6897 6898 6913 6922 6924 6927 6932 6935 6940 6942 6945 6955 6968 6976 7002 7022 7026 7038 7043 7046 7052 7055 7057 7060 7065 7070 7107 7109 7120 7121 7129 7139 7143 7154 7156 7168 7181 7182 7183 7187 7195 7201 7211 7215 7232 7233 7234 7235 7244 7249 7251 7254 7256 7263 7271 7284 7295 7303 7304 7311 7315 7320 7353 7362 7366 7372 7373 7375 7376 7379 7383 7398 7402 7416 7418 7426 7430 7431 7439 7446 7451 7456 7462 7470 7504 7510 7511 7515 7516 7519 7520 7532 7544 7545 7546 7548 7550 7551 7560 7561 7566 7567 7580 7583 7591 7594 7600 7613 7615 7620 7622 7623 7641 7656 7657 7663 7671 7672 7678 7685 7686 7719 7727 7747 7749 7754 7756 7764 7772 7780 7783 7786 7794 7797 7814 7820 7822 7823 7827 7834 7836 7838 7845 7847 7848 7855 7856 7862 7876 7882 7899 7904 7915 7920 7926 7932 7934 7935 7942 7943 7953 7957 7958 7962 7968 7980 7990 8004 8006 8029 8041 8069 8078 8081 8086 8096 8097 8098 8101 8105 8106 8108 8116 8117 8121 8130 8133 8165 8170 8175 8178 8179 8188 8193 8225 8236 8239 8240 8259 8273 8285 8291 8299 8305 8320 8322 8339 8341 8346 8352 8357 8369 8370 8371 8376 8389 8391 8392 8412 8415 8424 8435 8442 8447 8454 8460 8465 8467 8484 8494 8496 8506 8517 8522 8523 8526 8537 8552 8554 8564 8567 8582 8597 8610 8618 8630 8644 8646 8647 8660 8662 8677 8685 8727 8736 8742 8745 8749 8761 8764 8773 8776 8777 8779 8782 8796 8824 8827 8840 8842 8862 8863 8871 8879 8886 8889 8900 8906 8917 8921 8924 8931 8932 8936 8937 8938 8940 8954 8955 8982 8985 8987 8991 8996 8999 9004 9006 9008 9030 9043 9057 9059 9061 9065 9069 9081 9092 9099 9102 9114 9116 9158 9167 9169 9188 9189 9194 9214 9234 9235 9237 9244 9272 9273 9275 9282 9285 9287 9294 9295 9296 9303 9334 9355 9361 9381 9390 9400 9406 9407 9419 9421 9423 9427 9440 9465 9486 9497 9504 9516 9518 9519 9565 9574 9580 9610 9616 9618 9620 9625 9629 9635 9638 9641 9645 9670 9675 9677 9679 9683 9692 9696 9709 9710 9711 9713 9722 9726 9767 9778 9784 9790 9793 9811 9813 9819 9822 9836 9839 9848 9850 9871 9895 9903 9904 9908 9920 9930 9934 9947 9967 10903 10936 10942 10943 10944 10946 10984 10988 11004 11024 11042 11048 11051 11057 11060 11062 11065 11066 11074 11081 11082 11093 11099 11114 11123 11133 11139 11140 11141 11142 11143 11146 11148 11149 11150 11158 11160 11161 11162 11165 11166 11167 11171 11172 11173 11179 11180 11182 11183 11184 11185 11186 11187 11189 11191 11192 11194 11196 11198 11201 11202 11205 11207 11208 11209 11211 11212 11214 11217 11219 11222 11223 11224 11225 11230 11234 11235 11236 11237 11238 11240 11241 11242 11245 11246 11247 11248 11252 11253 11254 11255 11256 11257 11259 11260 11261 11262 11265 11267 11268 11270 11273 11275 11276 11277 11278 11279 11281 11283 11287 11292 11294 11297 11298 11300 11301 11302 11303 11306 11307 11310 11311 11312 11313 11315 11318 11319 11321 11324 11325 11327 11328 11330 11332 11333 11336 11337 11338 11339 11342 11343 11344 11347 11349 11352 11353 11354 11355 11356 11359 11360 11361 11362 11364 11366 11368 11369 11371 11372 11373 11374 11376 11378 11379 11380 11381 11382 11383 11384 11386 11387 11389 11392 11394 11397 11398 
	}
	naval_terrain=water_deep_ocean
	weather={
	}
}
