
strategic_region={
	id=30
	name="STRATEGICREGION_30"
	provinces={
		8 18 146 216 298 411 415 551 573 627 669 709 734 905 913 916 960 976 1001 1022 1046 1078 1191 1228 1278 1295 1457 1477 1490 1496 1513 1518 1539 1679 1686 1706 1713 1722 1748 1769 1787 1809 1814 1818 1892 1902 1957 2065 2080 2437 2441 2447 2448 2454 2460 2479 2486 2487 2490 2502 2503 2506 2507 2520 2522 2524 2530 2556 2564 2567 2593 3217 3220 3229 3237 3242 3253 3262 3270 3272 3281 3288 3293 3299 3320 3710 4863 5069 5455 6334 6336 6876 6987 8393 8488 9152 9582 9799 9961 10563 10583 10651 10682 10688 10697 
	}
	naval_terrain=water_shallow_sea
	weather={
	}
}
