
strategic_region={
	id=31
	name="STRATEGICREGION_31"
	provinces={
		57 153 154 172 305 319 402 608 664 665 691 706 754 764 767 774 793 832 977 1077 1129 1246 1260 1300 1329 1330 1332 1376 1398 1407 1427 1471 1486 1491 1530 1531 1537 1581 1646 1710 1718 1771 1792 1841 1849 1851 1863 1883 1885 2060 2450 2452 2455 2467 2468 2469 2472 2476 2478 2480 2481 2492 2496 2500 2501 2508 2511 2512 2514 2515 2518 2526 2528 2534 2535 2537 2539 2546 2548 2550 2555 3214 3240 3247 3251 3252 3254 3255 3257 8123 8861 9091 9201 9243 9816 10566 10600 
	}
	naval_terrain=water_shallow_sea
	weather={
	}
}
