
strategic_region={
	id=32
	name="STRATEGICREGION_32"
	provinces={
		20 21 23 34 39 45 122 159 173 312 325 330 350 391 465 466 480 500 508 510 541 569 590 621 632 644 645 663 789 815 846 876 904 939 966 1010 1119 1141 1182 1227 1257 1280 1286 1303 1314 1326 1354 1380 1392 1414 1423 1447 1532 1540 1549 1570 1610 1623 1624 1639 1659 1716 1736 1739 1751 1797 1799 1842 1850 1873 1908 1934 1964 1992 2007 2041 2052 2053 2087 2089 2408 2410 2418 2420 2423 2427 2428 2432 2434 2435 2440 2445 2451 2453 2456 2457 2458 2461 2464 2466 2470 2485 2499 3208 3213 3239 3264 3267 3268 3273 4507 7408 8068 8893 10548 10567 10585 10606 10639 
	}
	naval_terrain=water_fjords
	weather={
	}
}
