
strategic_region={
	id=34
	name="STRATEGICREGION_34"
	provinces={
		49 50 123 277 292 319 355 410 425 438 444 454 619 620 630 652 684 697 718 799 854 902 905 946 970 972 1020 1043 1050 1081 1094 1127 1215 1238 1252 1289 1365 1381 1475 1531 1536 1541 1556 1640 1701 1779 1790 1805 1876 2048 2095 2167 2183 2338 2403 2459 2470 2499 2670 2718 2764 2835 2895 2926 2955 3134 3168 3178 3201 3212 3229 3677 3678 3693 3697 3698 3708 3715 3717 3719 3722 3734 3735 3737 3751 3764 3767 3774 3775 3779 3784 3793 3799 3802 3805 3814 3822 3824 3839 3841 3847 3851 3854 3867 3868 3869 3878 3887 3918 3924 3939 3942 3943 3959 3963 3967 3973 3979 3995 4006 4010 4025 4028 4034 4048 4054 4059 4069 4096 4104 4112 4124 4132 4138 4148 4200 4225 4229 4231 4245 4264 4276 4309 4310 4325 6724 6729 6731 6739 6742 6749 6752 6759 7200 7710 7717 7771 
	}
	weather={
	}
}
