
strategic_region={
	id=35
	name="STRATEGICREGION_35"
	provinces={
		29 61 63 82 107 112 114 121 124 126 128 138 148 174 201 218 223 272 294 314 345 352 408 423 429 434 446 447 484 503 545 643 674 710 711 716 759 762 777 825 874 930 950 1023 1054 1064 1065 1076 1109 1139 1243 1262 1268 1294 1297 1301 1318 1322 1324 1379 1389 1401 1431 1437 1468 1507 1508 1524 1546 1574 1590 1602 1611 1621 1645 1676 1696 1723 1738 1747 1777 1788 1791 1795 1801 1825 1832 1866 1871 1895 1922 1939 1949 1959 1967 1985 2003 2009 2011 2038 2039 2055 2070 2076 2077 2093 2095 2099 2101 2167 2171 2178 2181 2195 2203 2209 2218 2219 2222 2223 2231 2240 2246 2250 2251 2256 2264 2265 2266 2268 2274 2278 2280 2287 2292 2293 2295 2296 2319 2324 2338 2339 2346 2354 2356 2367 2371 2390 2395 2397 2401 2403 2409 2412 2413 2419 2422 2425 2431 3021 3054 3060 3063 3079 5693 6052 6083 7237 8067 8904 9014 9684 9705 9880 10294 10359 11418 11419 
	}
	weather={
	}
}
