
strategic_region={
	id=36
	name="STRATEGICREGION_36"
	provinces={
		10 15 16 30 64 69 73 104 129 130 150 167 187 225 252 276 280 295 297 321 328 339 358 360 361 395 405 436 505 514 563 566 592 607 631 636 642 677 689 698 700 707 741 745 758 795 800 807 826 841 849 851 856 870 872 919 922 923 938 941 945 982 1021 1033 1035 1048 1052 1088 1092 1102 1118 1140 1155 1162 1166 1168 1189 1193 1198 1213 1217 1250 1251 1275 1323 1331 1345 1356 1363 1365 1369 1385 1390 1394 1396 1408 1410 1420 1442 1465 1466 1467 1472 1474 1489 1493 1499 1512 1554 1562 1564 1566 1585 1588 1596 1612 1627 1629 1636 1643 1648 1651 1665 1668 1705 1717 1726 1741 1774 1778 1782 1804 1806 1823 1852 1853 1854 1884 1896 1915 1931 1941 1946 1952 1978 1979 1988 1991 2020 2042 2046 2048 2051 2098 2100 2105 2116 2120 2121 2124 2125 2127 2129 2131 2132 2134 2136 2138 2139 2143 2148 2150 2152 2155 2156 2160 2161 2172 2173 2174 2175 2176 2177 2184 2187 2189 2193 2194 2196 2197 2198 2204 2205 2207 2208 2210 2212 2215 2216 2220 2221 2229 2232 2235 2241 2242 2243 2247 2248 2249 2253 2257 2258 2259 2261 2269 2275 2277 2282 2285 2297 2300 2301 2306 2308 2315 2316 2317 2318 2326 2327 2332 2333 2340 2341 2343 2345 2347 2348 2350 2353 2355 3011 3033 3035 3093 4917 5696 5977 6280 6855 7082 7480 8743 9192 9207 9429 9571 9879 10197 10250 10257 10280 10448 11403 11404 11421 
	}
	naval_terrain=water_shallow_sea
	weather={
	}
}
