
strategic_region={
	id=36
	name="STRATEGICREGION_36"
	provinces={
		16 32 55 71 73 88 92 104 164 172 178 187 209 219 220 236 266 274 340 399 418 420 434 530 569 593 618 671 700 756 777 815 850 868 889 907 908 945 955 1008 1139 1140 1155 1163 1166 1177 1181 1197 1223 1281 1285 1291 1322 1460 1462 1480 1527 1618 1627 1671 1684 1740 1770 1792 1881 2031 2036 2343 2361 2475 2609 2848 3099 3159 3166 3238 3286 3333 3336 3337 3339 3343 3353 3359 3360 3361 3372 3373 3382 3383 3384 3388 3390 3395 3396 3401 3403 3420 3427 8220 
	}
	naval_terrain=water_fjords
	weather={
	}
}
