
strategic_region={
	id=37
	name="STRATEGICREGION_37"
	provinces={
		79 93 97 100 110 178 203 228 240 258 296 331 334 337 366 392 425 432 437 483 555 565 601 620 657 659 702 720 726 768 778 805 853 880 897 902 931 933 956 964 969 972 999 1018 1026 1041 1055 1097 1098 1121 1125 1131 1143 1153 1157 1158 1163 1164 1180 1215 1234 1235 1239 1285 1291 1299 1306 1319 1353 1360 1386 1399 1402 1409 1426 1433 1435 1456 1462 1476 1479 1480 1483 1484 1487 1515 1525 1528 1553 1594 1618 1634 1638 1640 1672 1674 1681 1719 1727 1737 1754 1773 1776 1803 1810 1828 1869 1872 1918 1944 1969 1973 1989 1994 1998 2022 2030 2037 2097 2123 2130 2133 2140 2144 2154 2158 2163 2168 2169 2170 2180 2182 2183 2185 2190 2191 2199 2200 2211 2214 2217 2224 2225 2233 2236 2237 2238 2244 2254 2260 2262 2263 2270 2271 2272 2273 2281 2283 2288 2298 2303 2304 2305 2307 2311 2323 2325 2329 2330 2334 2335 2336 2344 2349 2352 2360 2366 2369 2383 3024 3135 3141 4304 4528 5289 5832 5994 6735 6741 8390 8762 9264 9443 9471 9843 10223 10274 10298 10449 11402 
	}
	weather={
	}
}
