
strategic_region={
	id=37
	name="STRATEGICREGION_37"
	provinces={
		7 8 11 110 313 348 513 542 564 573 591 599 759 812 896 921 960 975 1012 1042 1131 1213 1245 1342 1378 1390 1458 1505 1525 1565 1602 1645 1733 1817 1820 1852 1875 1937 1996 2090 2092 2241 2292 2342 2517 2523 2585 2621 2744 2762 2774 2831 2845 2932 3011 3094 3104 3137 3216 3290 3478 3515 3535 3536 3538 3541 3543 3546 3561 3568 3571 3573 3575 3580 3583 3587 3588 3590 3596 3597 3606 3608 3609 3611 3613 3619 3623 3632 3639 3647 3665 3681 
	}
	weather={
	}
}
