
strategic_region={
	id=38
	name="STRATEGICREGION_38"
	provinces={
		62 89 194 202 244 354 444 463 518 539 618 628 662 715 723 877 884 897 915 948 1070 1072 1172 1203 1241 1391 1432 1552 1558 1607 1641 1749 1753 1755 1757 1936 2163 2201 2206 2234 2255 2279 2284 2286 2302 2312 2321 2328 2364 2388 3080 3103 3104 3110 3115 3118 3119 3124 3129 3139 3144 3153 3158 3160 3175 4215 4649 5517 5732 6040 6068 6204 6721 6919 7148 7369 7410 7616 7705 8003 8169 8452 8536 8754 9216 9343 9377 9547 9760 10303 10305 10408 10419 10440 10475 10477 
	}
	naval_terrain=water_fjords
	weather={
	}
}
