
strategic_region={
	id=38
	name="STRATEGICREGION_38"
	provinces={
		86 91 105 108 179 195 216 221 225 229 254 259 294 348 361 387 393 395 396 404 447 464 532 563 579 609 613 642 647 658 663 702 709 730 732 748 766 768 795 806 809 837 862 934 989 1049 1093 1120 1152 1307 1332 1373 1378 1436 1488 1500 1517 1524 1552 1625 1676 1789 1893 1913 2013 2015 2033 2070 2103 2104 2218 2224 2287 2334 2354 2584 2596 2623 2692 2693 2760 2975 2997 3005 3036 3063 3079 3197 3209 3250 3291 3305 3345 3350 3355 3367 3368 3369 3370 3375 3392 3405 3416 3417 3419 3421 3422 3430 3435 3436 3446 3448 3453 3454 3462 3474 3478 3480 3485 3492 3493 3497 3498 3511 3517 3521 3549 3556 3564 3581 3602 6529 6530 6536 6548 6550 6555 7616 7760 
	}
	weather={
	}
}
