
strategic_region={
	id=4
	name="STRATEGICREGION_4"
	provinces={
		3657 3668 3669 3671 3691 3696 3699 3711 3740 3751 3761 3772 3781 3794 3813 3854 3859 3865 3869 3881 3887 3902 3905 3910 3919 3932 3937 3943 3950 3979 3980 3985 3986 3987 3999 4030 4032 4037 4043 4093 4098 4119 4127 4138 4143 4147 4154 4162 4175 4183 4194 4202 4222 4228 4236 4252 4267 4271 4273 4279 4314 4324 4325 4328 4334 4345 4349 4359 4376 4383 4386 4405 4410 4421 4431 4435 4460 4473 4485 4487 4502 4511 4516 4530 4535 4539 4541 4554 4558 4559 4563 4564 4575 4580 4590 4592 4598 4610 4620 4624 4628 4636 4645 4650 4663 4675 4681 4701 4725 4742 4749 4755 4779 4808 4819 4823 4825 4837 4838 4859 4867 4874 4875 4897 4899 4926 4927 4952 4954 4990 4995 5012 5036 5044 5071 5120 5127 5131 5134 5139 5175 5216 5217 5250 5273 5314 5332 5336 5363 5375 5387 5393 5400 5403 5410 5423 5427 5441 5446 5447 5457 5465 5469 5502 5503 5538 5539 5564 5567 5576 5579 5588 5594 5617 5625 5626 5646 5651 5652 5715 5740 5749 5753 5757 5792 5797 5822 5850 5855 5863 5871 5895 5907 5926 5978 5995 6008 6012 6021 6038 6050 6058 6069 6070 6086 6088 6105 6130 6143 6148 6171 6175 6188 6208 6231 6243 6302 6304 6305 6314 6316 6318 6344 6433 6454 6458 6464 6467 6475 6477 6512 6514 6517 6522 6525 6532 6534 6579 6599 6600 6603 6624 6637 6649 6658 6667 6689 6704 6708 6728 6767 6793 6795 6865 6866 6891 6910 6915 6929 6931 6969 6979 7034 7072 7096 7101 7135 7145 7155 7198 7199 7203 7210 7239 7242 7260 7270 7302 7322 7327 7330 7333 7341 7343 7374 7388 7389 7396 7422 7423 7433 7435 7445 7448 7461 7463 7471 7472 7484 7524 7537 7582 7586 7589 7617 7621 7625 7631 7635 7645 7668 7695 7722 7741 7767 7774 7777 7778 7782 7790 7804 7812 7828 7867 7898 7914 7969 7974 7991 7997 7999 8040 8045 8047 8070 8134 8145 8194 8208 8258 8264 8288 8295 8297 8313 8325 8335 8336 8381 8382 8470 8474 8499 8511 8550 8576 8590 8620 8637 8641 8649 8659 8665 8675 8683 8733 8746 8805 8808 8812 8832 8843 8853 8864 8867 8923 8944 8961 8969 8978 8981 9066 9067 9076 9079 9082 9086 9108 9148 9157 9215 9220 9312 9315 9325 9338 9344 9350 9369 9433 9451 9461 9470 9489 9494 9498 9549 9568 9609 9624 9653 9656 9658 9766 9797 9823 9837 9851 9861 9873 9875 9899 9944 9963 9980 9981 9982 9983 9984 9985 9986 9987 9988 9995 9997 9999 10001 10003 10006 10008 10010 10011 10014 10016 10017 10018 10021 10022 10023 10024 10026 10028 10029 10030 10031 10032 10033 10035 10036 10037 10038 10040 10041 10043 10047 10048 10049 10050 10051 10052 10055 10058 10060 10061 10064 10065 10067 10069 10070 10071 10078 10085 10094 10095 10096 10103 10109 10111 10118 10124 10125 10132 10162 10168 
	}
	naval_terrain=water_deep_ocean
	weather={
	}
}
