
strategic_region={
	id=41
	name="STRATEGICREGION_41"
	provinces={
		1183 3390 3397 3415 3422 3425 3427 3428 3434 3435 3437 3439 3442 3444 3445 3450 3454 3460 3461 3464 3470 3471 3473 3474 3477 3480 3482 3483 3484 3486 3487 3488 3489 3490 3491 3494 3495 3736 4027 4382 4910 5075 5080 5294 5352 5451 6173 6235 6260 6293 6625 6651 6712 6745 6974 7165 7236 7299 7738 7760 7811 7829 7854 7944 7970 7982 8260 8489 8766 8789 8860 8883 9093 9219 9249 9306 9347 9430 9500 9607 9665 9769 10838 10843 10853 10883 10889 10893 10894 10898 10899 10901 10914 10927 10937 10941 10956 10976 
	}
	naval_terrain=ocean
	weather={
	}
}
