
strategic_region={
	id=45
	name="STRATEGICREGION_45"
	provinces={
		1304 3047 3075 3091 3096 3097 3105 3108 3109 3216 3218 3234 3263 3737 3954 3955 4071 4178 4282 4290 4462 4595 4662 4694 4700 4731 4854 4945 4974 5144 5189 5193 5315 5349 5404 5466 5486 5666 5676 5699 5747 5788 5817 5845 5892 5901 5921 5987 6257 6320 6346 6400 6461 6538 6623 6700 6746 6761 6811 6860 6926 6948 6981 7013 7111 7125 7150 7228 7261 7291 7391 7413 7449 7473 7598 7638 7773 7793 7809 7895 8061 8062 8107 8136 8191 8204 8242 8245 8312 8321 8355 8397 8481 8502 8533 8570 8616 8617 8726 8817 8837 8852 9009 9012 9080 9187 9240 9253 9307 9370 9468 9499 9560 9589 9591 9599 9668 9681 9687 9699 9715 9723 9741 9742 9773 9775 9804 9853 9859 9882 10258 10270 10308 10347 10353 10360 10365 10387 10397 10427 10428 10435 10445 10451 10452 10457 10468 10486 10489 10502 10504 10507 10516 10553 10569 10599 
	}
	weather={
	}
}
