
strategic_region={
	id=47
	name="STRATEGICREGION_47"
	provinces={
		3652 3660 3678 3852 4067 4122 4337 4391 4546 4602 4660 4726 4757 4791 4876 5078 5180 5242 5366 5368 5529 5616 5813 5838 5919 6025 6076 6164 6246 6495 6498 6502 6743 6759 6765 6779 6786 6815 6835 7006 7092 7100 7172 7221 7469 7479 7681 7699 7713 8014 8049 8220 8284 8324 8343 8353 8402 8410 8482 8573 8705 8775 8819 8849 8926 9125 9203 9280 9447 9515 9758 9770 9788 9806 9892 9931 10968 10986 10996 10998 10999 11015 11032 11033 11046 11053 11063 11070 11073 11076 11080 11089 11094 11104 11109 11111 11113 11124 
	}
	weather={
	}
}
