
strategic_region={
	id=49
	name="STRATEGICREGION_49"
	provinces={
		12 65 113 194 299 338 367 379 502 520 521 587 590 601 662 689 690 692 720 859 931 990 1015 1116 1276 1313 1386 1410 1457 1466 1610 1685 1706 1871 1882 2030 2041 2191 2204 2280 2346 2350 2370 2454 2461 2509 2612 2666 2985 3122 3155 3182 3283 3415 3425 3429 3431 3444 3455 3456 3460 3461 3465 3468 3476 3483 3496 3499 3503 3506 3507 3518 3522 3525 3527 3530 3534 3553 3558 3570 3584 3600 6630 6634 6636 6638 6641 6644 6664 6684 6692 6703 6708 6709 7239 7529 7693 8029 8140 
	}
	weather={
	}
}
