
strategic_region={
	id=5
	name="STRATEGICREGION_5"
	provinces={
		5 6 43 72 77 122 162 174 188 214 228 233 237 282 342 343 363 371 376 383 385 413 479 481 485 493 506 529 536 560 562 570 595 623 635 646 691 696 707 739 794 803 832 849 904 910 915 930 937 949 953 1028 1046 1124 1158 1198 1212 1275 1287 1288 1324 1334 1347 1368 1380 1382 1403 1405 1424 1431 1483 1492 1506 1510 1515 1568 1633 1635 1637 1674 1698 1707 1708 1749 1755 1759 1795 1801 1806 1888 1890 1951 1960 1982 2018 2024 2026 2110 2147 2178 2201 2223 2231 2236 2276 2297 2320 2321 2359 2362 2386 2489 2492 2547 2576 2599 2634 2641 2661 2697 2723 2733 2814 2816 2829 2865 2973 3014 3026 3088 3105 3119 3160 3198 3227 3249 3281 3287 3301 3302 3309 3315 3466 3471 3477 3488 3490 3501 3509 3531 3537 3544 3545 3550 3552 3554 3555 3557 3559 3560 3567 3569 3572 3577 3582 3586 3589 3591 3592 3593 3594 3601 3603 3604 3605 3610 3614 3617 3618 3620 3624 3630 3631 3638 3640 3641 3644 3648 3655 3658 3659 3661 3663 3664 3668 3673 3674 3682 3683 3686 3688 3690 3691 3692 3699 3700 3703 3706 3710 3713 3720 3721 3729 3730 3736 3741 3742 3749 3753 3757 3773 3787 3806 3807 3808 3810 3820 3831 3840 3843 3849 3870 3889 3895 3898 3920 3952 3968 3983 6608 6620 6643 6645 6662 6725 6733 6734 6735 6736 6737 6738 6740 6743 6746 6750 7196 7424 7517 7621 7937 7983 8008 8147 8209 8210 8211 
	}
	weather={
	}
}
