
strategic_region={
	id=50
	name="STRATEGICREGION_50"
	provinces={
		3709 3744 3846 3862 3873 3879 4018 4116 4129 4172 4179 4248 4364 4434 4481 4536 4548 4585 4635 4640 4704 4741 4761 4781 4848 4878 5002 5032 5058 5151 5170 5194 5300 5318 5371 5380 5382 5384 5408 5409 5442 5473 5546 5554 5589 5746 5779 5787 6019 6032 6104 6154 6160 6192 6196 6239 6250 6348 6356 6377 6394 6419 6439 6482 6537 6559 6577 6622 6666 6687 6882 6985 7049 7078 7117 7142 7158 7164 7180 7197 7273 7336 7355 7371 7400 7407 7512 7557 7614 7661 7726 7743 7817 7851 7878 7938 7952 8017 8022 8066 8072 8153 8211 8214 8237 8274 8292 8307 8403 8408 8409 8441 8444 8449 8450 8525 8561 8591 8612 8615 8673 8711 8713 8798 8810 8838 8845 8855 8865 8972 8986 9058 9074 9119 9145 9160 9213 9230 9256 9290 9321 9384 9414 9473 9480 9523 9525 9539 9545 9605 9647 9657 9662 9690 9724 9743 9868 9946 9958 9965 10538 10559 10568 10572 10590 10591 10609 10615 10631 10653 10673 10676 10681 10692 10699 10708 10746 10766 10777 10779 10796 10802 10806 10814 10846 10854 10866 10874 10910 10917 10924 10951 10955 10964 10965 10987 11023 11026 
	}
	weather={
	}
}
