
strategic_region={
	id=50
	name="STRATEGICREGION_50"
	provinces={
		28 58 150 191 215 223 230 245 250 258 412 424 453 495 503 518 522 526 583 621 637 640 673 738 793 888 895 942 958 1033 1062 1153 1195 1200 1297 1331 1502 1643 1648 1663 1721 1726 1899 1934 1955 1963 1980 2141 2180 2182 2228 2427 2437 2483 2540 2604 2619 2640 2747 3334 3338 3340 3342 3344 3346 3348 3349 3352 3354 3356 3357 3362 3364 3365 3374 3377 3386 3387 3397 3400 3412 3413 3414 3414 3423 3426 3434 3437 6510 6519 6521 6523 6524 6527 6543 6587 6588 6591 6593 6604 6605 6607 7226 7381 7411 7601 7734 7750 7770 7806 7841 7884 7977 7985 8016 8039 8049 8206 
	}
	weather={
	}
}
