
strategic_region={
	id=52
	name="STRATEGICREGION_52"
	provinces={
		35 49 54 85 86 96 103 134 177 257 287 293 322 348 367 382 401 427 438 458 479 488 490 526 540 568 582 599 633 667 668 699 718 735 753 779 813 824 840 875 914 927 944 970 974 992 1061 1108 1110 1148 1165 1171 1179 1185 1270 1284 1287 1290 1343 1355 1375 1439 1443 1461 1533 1584 1633 1670 1785 1789 1843 1874 1882 1905 1976 1982 2043 2104 2106 2289 2291 2310 2313 2320 2322 2351 2363 2365 2370 2377 2381 2382 2385 2387 2389 2394 2399 2404 2405 2407 2417 2421 2424 2426 2433 2439 2443 2449 2463 2473 2475 3078 3089 3090 3100 3107 3113 3114 3117 3121 3123 3126 3132 3134 3136 3137 3145 3147 3152 3157 3165 3167 3169 3172 3174 3178 3179 3187 3189 3223 3228 3231 3238 3244 3246 3248 3250 3256 3266 3276 3277 3278 3283 3287 3289 3294 3688 4207 4256 4260 4348 4404 4784 4812 5025 5057 5084 5110 5149 5166 5259 5268 5488 5615 5707 5835 5856 6125 6137 6168 6178 6186 6319 6328 6335 6350 6371 6409 6421 6491 6524 6530 6570 6633 6634 6662 6672 6733 6799 6812 6839 7047 7141 7151 7207 7250 7443 7460 7528 7688 7712 7750 7840 7859 7886 7888 7925 7983 7987 8000 8074 8087 8161 8166 8183 8185 8189 8190 8206 8238 8254 8262 8344 8399 8438 8455 8456 8531 8559 8586 8594 8651 8670 8688 8696 8729 8737 8781 8813 8876 8903 8947 8950 8952 8970 8977 8983 9010 9042 9073 9112 9132 9135 9289 9300 9324 9345 9353 9380 9428 9467 9492 9502 9573 9585 9619 9627 9676 9691 9757 9772 9777 9794 9820 9827 9849 9928 10352 10372 10376 10384 10393 10396 10400 10409 10413 10416 10418 10420 10421 10422 10423 10430 10436 10437 10438 10450 10462 10476 10480 10482 10487 10493 10498 10506 10511 10527 10528 10539 10546 10556 10570 10571 10574 10578 10581 10607 10632 10636 10645 10655 10669 10683 10689 11406 11412 
	}
	naval_terrain=water_shallow_sea
	weather={
	}
}
