
strategic_region={
	id=52
	name="STRATEGICREGION_52"
	provinces={
		132 169 203 253 271 303 380 415 473 655 740 776 791 833 894 1180 1261 1455 1532 1535 1587 1689 1731 1734 1957 1969 2027 2044 2087 2136 2176 2410 2418 2431 2513 2570 2575 2582 2694 2725 2727 2735 2779 2966 3089 3112 3127 3152 3330 5658 5667 5703 5776 5793 5833 5839 5872 5905 5956 5979 5992 6005 6006 6013 6036 6039 6045 6057 6060 6062 6080 6081 6110 6116 6132 6145 6157 6184 6190 6218 6239 6249 6254 6260 6265 6266 6273 6279 6283 6284 6292 6293 6313 6334 6335 6339 6353 6819 6820 6834 6872 6874 6878 6894 6895 7493 7888 7963 8105 8219 
	}
	weather={
	}
}
