
strategic_region={
	id=54
	name="STRATEGICREGION_54"
	provinces={
		41 46 47 76 91 105 131 135 136 137 145 160 162 165 166 168 181 205 214 217 245 263 271 329 346 362 369 374 375 457 470 475 486 493 498 504 525 534 544 552 562 571 589 606 613 641 660 673 688 693 694 704 719 728 738 756 761 771 776 781 783 798 804 808 817 818 869 888 889 925 929 963 967 968 997 1006 1031 1037 1050 1068 1090 1095 1186 1288 1315 1333 1344 1346 1372 1374 1404 1419 1440 1478 1482 1504 1527 1543 1567 1591 1592 1604 1620 1666 1684 1694 1721 1765 1767 1783 1815 1817 1857 1861 1879 1898 1913 2005 2010 2059 2063 2071 2073 2074 2086 2096 2103 2118 2119 2122 2137 2141 2145 2146 2147 2149 2151 2157 2162 2164 2179 2186 2188 2192 2202 2213 2226 2227 2228 2230 2239 2245 2252 2267 2276 2290 2294 2299 2309 2314 2331 2337 2342 2357 2361 2362 2372 2376 2380 2393 3012 3023 3025 3032 3048 3057 3058 3061 3067 3069 3072 3073 3076 3083 3084 3085 3086 3088 3094 3095 3098 3101 3111 3112 3116 3120 3125 3128 3130 3131 3133 3138 3140 3142 3146 3148 3149 3151 3154 3155 3156 3161 3162 3166 3177 3182 3184 3186 3188 3191 3194 3197 3681 3686 3739 3750 4076 4126 4166 4287 4638 4686 4738 4998 5200 5284 5298 5379 5456 5586 5597 5949 5982 6129 6163 6169 6177 6273 6295 6545 6606 6773 6956 7004 7037 7105 7146 7176 7217 7224 7227 7272 7485 7526 7554 7648 7649 7669 7673 7679 7694 7740 7787 7825 7873 7874 7897 7906 7951 7961 7988 8012 8109 8119 8144 8159 8177 8275 8387 8411 8492 8497 8524 8592 8608 8628 8629 8634 8642 8648 8653 8728 8730 8739 8763 8809 8948 8962 8967 8984 9003 9104 9226 9227 9247 9292 9379 9396 9432 9472 9554 9604 9649 9925 9941 10193 10194 10200 10202 10203 10210 10221 10222 10235 10244 10251 10256 10269 10271 10302 10312 10314 10322 10334 10335 10351 10356 10358 10364 10366 10371 10380 10381 10383 10385 10395 10398 10399 10404 10407 10412 10414 10425 10426 10429 10433 10434 10442 10444 10461 10466 10469 10473 10478 10488 10491 10492 10500 10521 10529 11407 11420 11422 11423 
	}
	naval_terrain=water_shallow_sea
	weather={
	}
}
