
strategic_region={
	id=55
	name="STRATEGICREGION_55"
	provinces={
		304 433 443 499 821 828 906 924 1780 2430 2438 2471 2488 3168 3183 3196 3198 3200 3203 3207 3209 3215 3221 3222 3227 3232 3243 3245 3258 3260 3261 3271 3274 3275 3279 3876 3904 3989 5670 5777 6051 6265 6271 6369 6449 6706 6760 6920 7161 7231 7243 7274 7335 7437 7716 7731 7736 7973 8173 8280 8666 9087 9376 9636 9659 9826 10505 10509 10533 10550 10580 10592 10601 10602 10622 10625 10647 
	}
	naval_terrain=water_fjords
	weather={
	}
}
