
strategic_region={
	id=56
	name="STRATEGICREGION_56"
	provinces={
		3685 3716 3724 3747 3769 3780 3808 3818 3828 3842 3845 3894 3901 3967 4022 4085 4090 4100 4109 4118 4232 4233 4238 4246 4288 4318 4326 4347 4374 4396 4452 4479 4484 4555 4573 4577 4611 4751 4767 4769 4793 4804 4813 4855 4892 4894 4949 4963 4976 5009 5024 5077 5086 5100 5123 5162 5181 5182 5185 5251 5254 5362 5422 5467 5527 5600 5610 5619 5679 5686 5692 5729 5782 5804 5820 5830 5841 5894 5962 5970 5974 6003 6014 6033 6034 6044 6046 6059 6062 6075 6084 6112 6116 6123 6158 6206 6213 6234 6313 6327 6337 6339 6393 6435 6453 6465 6493 6501 6519 6536 6543 6549 6561 6571 6632 6640 6702 6754 6790 6807 6813 6841 6856 6862 6869 6871 6887 6890 6899 6998 7048 7113 7167 7213 7247 7253 7264 7265 7313 7318 7324 7346 7377 7381 7424 7434 7457 7483 7492 7530 7534 7584 7587 7602 7605 7710 7755 7761 7799 7800 7863 7884 7892 7905 7919 7923 7985 8025 8054 8093 8113 8126 8187 8197 8244 8266 8287 8298 8365 8413 8501 8503 8505 8555 8558 8581 8598 8682 8687 8703 8704 8780 8877 8902 8908 8930 8990 9005 9023 9034 9037 9048 9064 9089 9097 9123 9126 9179 9212 9224 9245 9254 9260 9308 9310 9328 9512 9569 9579 9586 9590 9597 9606 9640 9688 9717 9735 9750 9756 9786 9795 9798 9810 9821 9885 9891 9953 10083 10086 10088 10091 10092 10097 10098 10113 10121 10122 10142 10145 10146 10160 10177 10195 10206 10212 10236 10245 10264 10272 10273 10275 10282 10292 10299 10313 10315 10318 10320 10323 10329 10337 10344 10348 10357 10361 10362 10363 10390 10392 10401 10405 10410 10417 10456 10495 10501 10514 10517 10522 10524 10534 10540 
	}
	weather={
	}
}
