
strategic_region={
	id=58
	name="STRATEGICREGION_58"
	provinces={
		3829 4040 4145 4245 4265 4303 4317 4581 4606 4652 4763 4923 5052 5087 5092 5174 5350 5439 5640 5662 5685 5735 5763 5824 5875 5925 5957 6172 6215 6226 6252 6256 6383 6413 6511 6684 6905 6952 6964 7001 7045 7091 7229 7266 7392 7421 7495 7505 7529 7603 7609 7653 7725 7918 8021 8059 8226 8250 8327 8328 8329 8360 8368 8405 8464 8514 8544 8565 8633 8992 9046 9113 9131 9134 9197 9455 9503 9537 9550 9712 9801 9867 9915 9919 9945 9954 10554 10555 10610 10638 10667 10668 10670 10686 10690 10693 10720 10732 10763 10778 10786 10805 10808 10812 10819 10821 10857 10860 10862 
	}
	naval_terrain=ocean
	weather={
	}
}
