
strategic_region={
	id=59
	name="STRATEGICREGION_59"
	provinces={
		3778 3779 3922 4075 4082 4120 4139 4330 4352 4370 4373 4419 4553 4642 4673 4785 4789 4806 4877 4882 5006 5028 5038 5097 5122 5142 5282 5291 5292 5381 5471 5478 5500 5511 5536 5573 5660 5671 5680 5738 5772 5805 5849 5905 6041 6092 6095 6166 6232 6249 6330 6354 6366 6396 6509 6558 6602 6604 6614 6670 6699 6732 6737 6785 6826 7032 7051 7066 7080 7087 7128 7140 7216 7298 7310 7316 7321 7326 7349 7401 7403 7465 7502 7541 7687 7702 7707 7813 7846 7857 7877 7976 7992 8090 8148 8149 8155 8210 8230 8232 8270 8315 8319 8372 8473 8520 8557 8667 8698 8731 8734 8892 8912 8920 9045 9047 9096 9186 9228 9231 9270 9342 9368 9509 9532 9596 9622 9674 9693 9700 9730 10618 10648 10650 10652 10658 10662 10666 10707 10717 10724 10725 10727 10729 10730 10735 10736 10741 10743 10770 10775 10780 10783 10791 10793 10798 10807 
	}
	naval_terrain=water_deep_ocean
	weather={
	}
}
