
strategic_region={
	id=60
	name="STRATEGICREGION_60"
	provinces={
		144 480 547 1242 1664 1931 2111 2207 2252 2332 2392 2463 2954 2977 2996 3016 3118 3205 3423 3651 3653 3671 3704 3718 3725 3728 3763 3780 3794 3812 3848 3872 3892 3903 6593 6594 6594 6601 6601 6602 6602 6606 6606 6607 6613 6613 6615 6615 6617 6617 6618 6618 6619 6619 6622 6622 6623 6623 6654 6654 6655 6655 6656 6656 6665 6665 6669 6669 6673 6674 6683 6685 6691 6696 6699 6700 6701 6705 6706 6710 6712 6714 6715 6716 6747 7122 7280 7296 7320 7381 7411 7524 7587 7662 7674 7776 7797 7885 7887 7902 7941 7977 7981 8024 8040 8082 8142 8151 8155 
	}
	weather={
	}
}
