
strategic_region={
	id=62
	name="STRATEGICREGION_62"
	provinces={
		3650 3673 3753 3758 3783 3841 3855 3928 4011 4065 4088 4105 4226 4283 4291 4309 4466 4760 4762 4836 4865 4919 4929 4930 5047 5076 5137 5183 5228 5411 5445 5448 5474 5533 5549 5684 5713 5767 5778 5807 5808 5825 5891 5971 6037 6085 6189 6253 6282 6345 6367 6447 6494 6615 6628 6645 6664 6688 6711 6766 6788 6914 7024 7119 7122 7162 7290 7345 7425 7477 7489 7514 7531 7682 7808 7866 8015 8076 8358 8386 8417 8491 8596 8652 8702 8709 8712 8719 8757 8772 8785 8828 9103 9122 9156 9175 9202 9210 9262 9301 9311 9363 9408 9410 9533 9553 9584 9718 9762 9783 9792 9847 9956 10057 10066 10077 10108 10110 10115 10120 10131 10139 10143 10147 10152 10153 10155 10158 10170 10172 10174 10182 10183 10186 10190 10207 10230 
	}
	weather={
	}
}
