
strategic_region={
	id=64
	name="STRATEGICREGION_64"
	provinces={
		3659 3806 3820 3895 4044 4066 4112 4192 4323 4513 4589 4601 4604 4612 4648 4737 4778 4782 4851 4914 5063 5070 5141 5219 5293 5301 5346 5436 5508 5509 5510 5547 5550 5590 5687 5711 5809 5821 5899 5900 5903 5915 5932 5973 6010 6027 6101 6185 6207 6247 6489 6528 6619 6729 6742 6843 6845 6868 6886 6951 6963 6977 6993 7042 7044 7147 7177 7200 7214 7238 7312 7319 7331 7347 7478 7498 7499 7525 7527 7574 7576 7642 7721 7775 7779 7784 7785 7880 7901 7913 7917 7940 8013 8168 8221 8224 8234 8272 8276 8304 8310 8318 8361 8498 8542 8548 8560 8619 8657 8658 8668 8684 8716 8740 8800 8801 8814 8835 8881 8888 8919 8933 8934 8975 8993 9002 9019 9024 9025 9028 9142 9239 9267 9274 9331 9365 9371 9394 9422 9449 9490 9566 9575 9600 9615 9678 9764 9771 9829 9852 9856 10126 10134 10141 10148 10149 10151 10154 10161 10165 10169 10173 10176 10179 10181 10185 10188 10189 10192 10205 10214 10215 10234 10238 10242 10247 10248 10253 10254 10260 10262 10263 10276 10290 10306 10311 10328 10342 
	}
	weather={
	}
}
