
strategic_region={
	id=65
	name="STRATEGICREGION_65"
	provinces={
		238 559 1258 1628 1888 2414 3034 3041 3042 3044 3046 3050 3051 3052 3055 3056 3059 3062 3064 3065 3066 3068 3070 3071 3074 3077 3081 3082 3087 3092 3099 3106 3122 3127 3143 3150 3159 3176 3202 3205 3210 3211 3219 3225 3226 3230 3236 3798 4241 4537 4572 4754 4912 5454 5796 5980 6133 6233 6238 6323 6471 6756 6808 7108 7351 7436 7647 7948 7950 8122 8146 8201 8209 8222 8294 8480 8723 8784 8988 9164 9180 9185 9222 9271 9352 9402 9436 9446 9603 9642 9671 9973 10317 10319 10373 10379 10382 10391 10406 10439 10447 10472 10474 10513 10519 10535 10537 10577 
	}
	naval_terrain=water_fjords
	weather={
	}
}
