
strategic_region={
	id=67
	name="STRATEGICREGION_67"
	provinces={
		3009 3010 3013 3014 3015 3016 3017 3019 3027 3684 4041 4108 4132 4257 4389 4395 4427 4787 4898 4970 5056 5119 5207 5497 5542 5596 6150 6276 6390 6451 6551 6565 6653 6880 7123 7225 7268 7269 7276 7444 7508 7637 7651 7666 7746 7835 7927 7933 8005 8055 8057 8426 8451 8588 8701 9040 9090 9139 9146 9250 9320 9385 9395 9415 9416 9466 9506 9563 9577 9716 9734 10166 10167 10171 10178 10187 10191 10196 10198 10199 10209 10211 10219 10226 10233 10239 10241 10243 10267 
	}
	naval_terrain=water_deep_ocean
	weather={
	}
}
