
strategic_region={
	id=68
	name="STRATEGICREGION_68"
	provinces={
		199 1083 1200 3344 6509 6510 6515 6516 6527 6533 6540 6554 7027 7038 7044 7050 7083 7095 7101 7152 7156 7172 7180 7184 7211 7213 7220 7224 7226 7237 7251 7260 7263 7311 7332 7341 7358 7408 7423 7427 7464 7505 7521 7551 7576 7596 7627 7644 7648 7658 7676 7727 7772 7789 7809 7877 7884 7890 7897 7906 7924 7929 7933 7940 7958 7961 7962 7985 7998 8016 8025 8037 8044 8114 8118 8119 8120 8124 8125 
	}
	naval_terrain=water_deep_ocean
	weather={
	}
}
