
strategic_region={
	id=76
	name="STRATEGICREGION_76"
	provinces={
		2 48 48 130 448 842 1106 1813 2476 2476 2597 2597 2658 2658 3045 3310 5468 5493 5514 5558 5558 5589 5589 5630 5714 5714 5717 5717 5754 5794 5802 5805 5847 6014 6051 6091 6138 6170 6206 6811 6811 6817 6822 6823 6823 6825 6826 6826 6827 6828 6829 6831 6831 6833 6833 6835 6835 6837 6838 6839 6840 6841 6842 6844 6845 6847 6848 6849 6850 6851 6854 6855 6858 6859 6861 7002 7032 7133 7373 7385 7583 7602 7715 7746 7918 7957 8169 
	}
	naval_terrain=water_fjords
	weather={
	}
}
