
strategic_region={
	id=8
	name="STRATEGICREGION_8"
	provinces={
		4 9 28 38 40 55 70 71 98 101 108 118 144 158 195 197 199 208 219 234 249 265 282 300 306 333 340 342 344 347 359 378 387 389 399 407 410 422 426 441 448 453 456 459 462 467 489 495 523 528 531 535 537 549 567 575 576 586 596 600 602 603 612 646 654 656 658 670 671 675 680 681 684 717 722 731 740 743 791 806 809 816 819 829 835 837 842 865 882 890 917 921 954 958 971 980 987 993 994 1007 1016 1020 1060 1063 1073 1093 1099 1106 1107 1117 1133 1159 1175 1181 1188 1192 1195 1206 1208 1216 1240 1245 1263 1266 1267 1273 1274 1281 1289 1310 1316 1342 1357 1368 1371 1373 1382 1395 1405 1441 1460 1494 1500 1505 1542 1544 1545 1559 1577 1582 1587 1589 1605 1614 1619 1622 1626 1637 1656 1667 1687 1715 1720 1728 1743 1760 1775 1794 1800 1807 1822 1837 1838 1881 1889 1893 1899 1903 1912 1926 1929 1940 1945 1956 1974 1980 1987 1990 2002 2008 2014 2017 2018 2031 2036 2054 2066 2085 2102 2107 2108 2484 2493 2494 2517 2521 2532 2533 2540 2544 2545 2551 2557 2560 2561 2572 2576 2577 2578 2580 2587 2590 2604 2608 2609 2614 2632 2636 2637 2638 2642 2643 2645 2652 2656 2659 2661 2663 2664 2667 2682 2684 2685 2688 2689 2706 2709 2711 2713 2718 2725 2733 2736 2739 2744 2750 2758 2759 2764 2765 2772 2777 2781 2784 2787 2790 2798 2799 2801 2804 2817 2818 2821 2829 2830 2848 2853 2855 2867 2878 2879 2886 2888 2891 2897 2902 2903 2906 2908 3280 3284 3295 3301 3304 3311 3318 3321 3322 3323 3326 3332 3337 3347 3351 3354 3358 3363 3368 3375 3377 3382 3383 3388 3389 3391 3393 3398 3401 3406 3407 3414 3420 3423 3424 3457 3465 3476 3677 3993 4209 4617 4721 4834 4857 4928 4962 5061 5257 5262 5274 5492 5681 5847 6090 6100 6141 6203 6285 6338 6352 6507 6605 6612 6965 6995 7169 7314 7522 7619 7732 7841 7849 8010 8024 8032 8219 8323 8385 8432 8527 8611 8829 8847 8909 8971 9039 9078 9128 9242 9263 9269 9281 9412 9441 9452 9475 9477 9514 9637 9740 9789 9854 9890 9910 9935 9949 10614 10630 10633 10634 10642 10643 10646 10656 10660 10671 10677 10679 10701 10710 10750 10799 10813 10817 10827 10832 10833 10859 10861 10867 10873 10891 10906 11405 11408 11409 11411 11413 11415 11417 11424 
	}
	naval_terrain=water_fjords
	weather={
	}
}
