
strategic_region={
	id=9
	name="STRATEGICREGION_9"
	provinces={
		5 27 51 59 102 106 139 180 198 204 207 211 213 215 220 243 256 261 268 273 275 313 318 324 327 353 356 381 383 417 440 442 451 513 521 557 574 611 622 672 712 792 796 827 833 860 866 903 926 942 943 961 989 1012 1024 1025 1053 1104 1116 1144 1147 1219 1221 1225 1236 1247 1249 1255 1328 1351 1469 1473 1502 1514 1538 1571 1572 1573 1597 1599 1649 1650 1660 1680 1688 1690 1699 1725 1733 1763 1764 1811 1813 1830 1839 1844 1864 1891 1954 1960 1975 2012 2028 2032 2079 2746 2756 2775 2786 2792 2793 2825 2832 2833 2837 2841 2843 2844 2851 2852 2861 2862 2863 2868 2869 2872 2873 2875 2883 2884 2889 2901 2907 2911 2917 2918 2921 2924 2926 2932 2934 2937 4038 4320 5799 6372 7192 7949 8141 9172 10759 10765 10795 11425 
	}
	weather={
	}
}
