1 14 
1 25 
1 36 
1 91 
1 95 
1 108 
1 112 
1 129 
1 222 
1 305 
1 411 
1 421 
1 569 
1 593 
1 625 
1 666 
1 685 
1 688 
1 715 
1 808 
1 820 
1 919 
1 964 
1 1009 
1 1069 
1 1087 
1 1123 
1 1129 
1 1177 
1 1251 
1 1377 
1 1517 
1 1654 
1 1800 
1 1837 
1 1877 
1 1893 
1 1898 
1 1962 
1 2020 
1 2059 
1 2081 
1 2088 
1 2244 
1 2390 
1 2393 
1 2671 
1 2672 
1 2748 
1 2754 
1 2855 
1 2919 
1 2935 
1 2965 
1 3052 
1 3109 
1 3124 
1 3136 
1 3140 
1 3262 
1 3300 
1 3308 
1 3399 
1 3463 
1 3478 
1 3502 
1 3539 
1 3564 
1 3573 
1 3789 
1 3803 
1 3860 
1 3883 
1 4003 
1 4009 
1 4037 
1 4065 
1 4145 
1 4244 
1 4320 
1 4331 
1 4352 
1 4435 
1 4453 
1 4520 
1 4624 
1 4754 
1 4769 
1 4789 
1 4816 
1 4917 
1 4926 
1 5032 
1 5156 
1 5262 
1 5305 
1 5404 
1 5508 
1 5559 
1 6310 
1 6418 
