
state={
	id=101
	name="STATE_101"
	resources = {
		steel = 18
		tungsten = 5
	}
	history = {
		owner = ANT
		add_core_of = ANT
		buildings = {
			industrial_complex = 2
			arms_factory = 3
			infrastructure = 3
		}
		victory_points = {
			873 11
		}
	}
	provinces={
		165 247 261 295 382 804 873 901 992 1091 1241 1338 1375 1668 1725 1736 1864 1914 1971 2098 2128 2156 2256 2316 2345 2419 2447 2468 2504 2515 2571 2577 2759 2787 2876 2964 3072 3081 3098 3113 3125 3320 5321 5327 5332 5356 5360 5361 5366 5367 5371 5376 5394 5400 5401 5409 5411 5419 5420 5421 5432 5442 5443 5449 5463 5464 5478 5485 5486 5489 5509 5513 5528 5533 5534 5535 5540 5557 5565 5587 5588 5601 5611 5612 5629 5655 5656 5657 5670 5680 5682 5695 5700 5711 5731 5748 5757 5790 5791 5801 5865 5900 5904 
	}
	buildings_max_level_factor=1.000
	local_supplies=0.000
        manpower=26157990
        state_category = large_city
}
