state={
	id=103
	name="STATE_103"
	history = {
		owner = ANT
		add_core_of = ANT
		victory_points = {
			1132 17
		}
	}
	provinces={
		100 103 333 771 966 998 1132 1142 1157 1214 1264 1292 1303 1358 1379 1518 1629 1649 1767 1784 2166 2168 2188 2194 2200 2247 2277 2466 2510 2776 2780 3009 3018 3193 3224 3232 6341 6344 6349 6350 6351 6361 6367 6369 6372 6373 6376 6377 6382 6389 6396 6398 6402 6405 6408 6416 6417 6425 6429 6433 6436 6443 6446 6457 6459 6480 
	}
	buildings_max_level_factor=1.000
	local_supplies=0.000
        manpower=25794530
        state_category = town
}
