state={
	id=107
	name="STATE_107"
	history = {
		owner = ANT
		add_core_of = ANT
		victory_points = {
			5149 18
		}
	}
	provinces={
		159 181 190 414 491 757 818 1318 1345 1421 1656 1679 1878 1884 1922 2082 2102 2198 2414 2567 2758 2842 2847 2878 2879 2935 3255 3277 5130 5145 5149 5150 5172 5173 5185 5191 5195 5196 5223 5234 5235 5243 5264 5271 5278 5293 5310 5326 5344 5353 5359 5381 5399 5417 5418 5425 5431 5436 5475 5477 5492 5504 
	}
	buildings_max_level_factor=1.000
	local_supplies=0.000
        manpower=16766748
        state_category = town
}
