state={
	id=108
	name="STATE_108"
	history = {
		owner = ANT
		add_core_of = ANT
		victory_points = {
			5539 18
		}
	}
	provinces={
		13 119 149 171 268 455 465 527 796 1136 1141 1317 1432 1569 1632 1700 1866 1874 1912 2088 2158 2177 2312 2421 2542 2561 2601 2805 2808 2860 2899 3143 3162 3214 3226 3241 3269 3311 5343 5351 5375 5380 5388 5424 5429 5445 5448 5456 5466 5467 5481 5488 5498 5508 5510 5518 5526 5539 5563 5568 5577 5586 5609 5625 5645 5648 5684 5685 5694 5705 5744 5773 5824 5830 5870 5897 5928 5945 5971 
	}
	buildings_max_level_factor=1.000
	local_supplies=0.000
        manpower=20731312
        state_category = town
}
