
state={
	id=110
	name="STATE_110"
	history = {
		owner = ANT
		add_core_of = ANT
		victory_points = {
			2284 11
		}
	}
	provinces={
		22 78 97 158 257 267 347 629 724 767 893 899 976 986 1030 1086 1207 1221 1225 1542 1675 1697 1857 1956 2017 2284 2503 2549 2579 2651 2668 2740 2846 2921 3024 3074 5946 5947 5972 5990 5995 5996 6003 6009 6010 6018 6025 6030 6031 6047 6048 6055 6066 6078 6084 6095 6098 6099 6119 6129 6139 6143 6151 6153 6155 6163 6165 6182 6188 6193 6194 6212 6224 6225 
	}
	buildings_max_level_factor=1.000
	local_supplies=0.000
        manpower=28897209
        state_category = metropolis
}
