
state={
	id=12
	name="STATE_12"

	history={
		owner = CLB
		add_core_of = CLB
		victory_points = {
			3833 15 
		}

	}

	provinces={
		47 127 173 514 546 672 711 788 789 797 846 1100 1119 1169 1363 1441 1446 1491 1802 1939 1942 1962 1995 2212 2945 3101 3628 3636 3656 3669 3670 3676 3679 3680 3687 3695 3696 3707 3712 3716 3727 3731 3745 3747 3759 3760 3761 3762 3771 3777 3790 3804 3817 3823 3833 3852 3857 3860 3861 3885 3900 3904 3917 3930 6723 
	}
	buildings_max_level_factor=1.000
	local_supplies=0.000
        manpower=1000
        state_category = town
}
