
state={
	id=13
	name="STATE_13"

	history={
		owner = RIA
		add_core_of = RIA
		victory_points = {
			2278 10 
		}
		victory_points = {
			107 31 
		}

	}

	provinces={
		61 63 107 112 114 121 126 148 174 272 294 352 408 446 484 545 674 711 716 825 874 1023 1054 1243 1262 1268 1294 1301 1318 1322 1431 1437 1468 1590 1602 1645 1676 1696 1723 1738 1747 1791 1795 1825 1871 1949 2003 2009 2055 2070 2076 2095 2099 2101 2167 2171 2178 2181 2195 2203 2209 2218 2219 2222 2223 2231 2240 2246 2250 2251 2256 2264 2265 2266 2268 2274 2278 2280 2287 2292 2293 2295 2296 3021 3054 3060 3063 3079 
	}
	buildings_max_level_factor=1.000
	local_supplies=0.000
        manpower=1
        state_category = town
}
