
state={
	id=135
	name="STATE_135"
	resources={
		chromium=15.000
	}

	history={
		owner = ORI
		add_core_of = ORI
		buildings = {
			infrastructure = 3
			industrial_complex = 5
			arms_factory = 2

		}
		victory_points = {
			4713 10 
		}

	}

	provinces={
		10 38 70 82 197 232 280 297 314 322 332 346 442 498 622 746 755 770 822 853 879 997 1075 1110 1138 1173 1184 1194 1234 1367 1407 1416 1437 1440 1459 1547 1553 1590 1594 1639 1652 1669 1683 1699 1714 1763 1777 1787 1809 1814 1843 1918 1946 1994 2012 2072 2076 2114 2146 2153 2175 2210 2225 2259 2263 2399 2400 2479 2481 2615 2627 2646 2657 2691 2738 2752 2769 2799 2815 2823 2916 2956 3008 3032 3054 3057 3059 3188 3194 3239 3276 4218 4239 4247 4262 4300 4304 4329 4346 4356 4396 4440 4446 4484 4497 4505 4522 4533 4540 4548 4590 4597 4607 4608 4616 4646 4647 4652 4661 4662 4669 4670 4674 4675 4686 4687 4697 4706 4713 4721 4732 4745 4764 4765 4776 4797 4801 4811 4814 4818 4819 4823 4829 4842 4849 4861 4862 4867 4874 4875 4885 4888 4891 4892 4897 4901 4907 4909 4914 4920 4929 4930 4934 4935 4936 4950 4959 4966 4977 4981 4982 4993 4998 5011 5015 5016 5025 5026 5031 5034 5035 5040 5054 5060 5061 5064 5071 5072 5073 5079 5085 5086 5087 5104 5117 5123 5124 5125 5126 5132 5155 5165 5176 5202 5227 5239 5253 5254 5266 5303 5342 5363 
	}
	manpower=17022885
	buildings_max_level_factor=1.000
	state_category=metropolis
	local_supplies=0.000
}
