state={
	id=139
	name="STATE_139"
	history = {
		owner = ORI
		add_core_of = ORI
		victory_points = {
			6199 18
		}
	}
	provinces={
		69 118 275 278 504 566 705 723 857 941 944 1010 1051 1066 1068 1114 1183 1206 1230 1260 1282 1530 1577 1988 2083 2127 2205 2300 2319 2348 2464 2538 2574 2739 2868 2923 2963 3264 3270 3293 3328 5812 5822 5853 5875 5895 5902 5924 5925 5936 5937 5944 5952 5965 5969 5978 5982 5989 5993 5994 6008 6016 6024 6042 6065 6071 6077 6083 6093 6100 6101 6117 6128 6146 6147 6148 6150 6172 6199 6227 8217 
	}
	buildings_max_level_factor=1.000
	local_supplies=0.000
        manpower=27144111
        state_category = large_city
}
