
state={
	id=140
	name="STATE_140"

	history={
		owner = ORI
		add_core_of = ORI
		buildings = {
			infrastructure = 4
			industrial_complex = 5
			arms_factory = 6
			dockyard = 2
			2323 = {
				naval_base = 1

			}

		}
		victory_points = {
			1479 1 
		}

	}

	provinces={
		63 210 304 320 419 437 459 468 509 567 683 831 871 900 1300 1328 1337 1402 1406 1479 1681 1812 1862 1936 1959 2049 2144 2179 2222 2271 2323 2349 2548 2578 2603 2618 2631 2637 2706 2792 2872 2918 2929 3065 3116 3135 3147 3157 3316 5496 5531 5541 5551 5552 5553 5585 5603 5604 5618 5643 5647 5651 5668 5683 5688 5697 5708 5729 5742 5746 5770 5771 5778 5797 5798 5836 5842 5859 5869 5885 5889 5903 5908 5911 5922 5926 5934 5938 5953 5959 5970 5983 5997 5998 6017 6054 6094 6097 6112 6154 6207 
	}
	manpower=24928913
	buildings_max_level_factor=1.000
	state_category=expanded_industrial_sector
	local_supplies=0.000
}
