state={
	id=141
	name="STATE_141"
	history = {
		owner = ORI
		add_core_of = ORI
		buildings = {
			infrastructure = 4 
			industrial_complex = 5
			arms_factory = 8
			
		}
		victory_points = {
			5126 10
		}
	}
	provinces={
		90 96 280 314 322 442 606 622 755 853 997 1075 1138 1167 1194 1226 1293 1407 1440 1553 1590 1594 1652 1719 1777 1787 1843 1889 1918 1994 2097 2175 2341 2368 2399 2400 2508 2608 2615 2630 2688 2956 3007 3057 3059 3073 3107 3158 3279 4876 4891 4892 4920 4934 4935 4936 4950 4981 4982 4988 4994 4998 5026 5031 5035 5036 5040 5045 5064 5073 5079 5085 5086 5087 5117 5123 5124 5125 5126 5155 5165 5176 5202 5219 5227 5231 5239 5240 5253 5254 5266 5273 5292 5303 5307 5334 5337 5342 5354 5363 5364 5373 5374 5378 5391 5396 5407 5439 5452 5453 5462 
	}
	buildings_max_level_factor=1.000
	local_supplies=0.000
        manpower=22909206
        state_category = expanded_industrial_sector
}
