
state={
	id=142
	name="STATE_142"
	resources={
		tungsten=19.000
		steel=21.000
		chromium=16.000
	}

	history={
		owner = ORI
		add_core_of = ORI
		buildings = {
			infrastructure = 2
			industrial_complex = 2
			arms_factory = 1
			dockyard = 1
			5517 = {
				naval_base = 1

			}

		}
		victory_points = {
			1299 30 
		}

	}

	provinces={
		59 311 317 524 565 571 660 665 735 743 883 1041 1045 1121 1243 1299 1343 1399 1412 1507 1511 1564 1605 1705 1835 1886 1954 1959 2010 2067 2161 2235 2242 2275 2433 2625 2704 2722 2836 2849 2864 2981 3046 3062 3135 3175 3230 5298 5314 5322 5329 5338 5368 5369 5379 5385 5413 5427 5440 5471 5472 5479 5497 5517 5523 5538 5542 5545 5546 5554 5562 5574 5591 5592 5598 5605 5619 5620 5624 5644 5652 5653 5663 5669 5675 5678 5679 5689 5698 5704 5709 5715 5726 5730 5736 5737 5743 5750 5761 5772 5779 5785 5799 5808 5814 5817 5843 5859 5881 5886 5908 5916 5927 5938 5960 5966 5970 6017 
	}
	manpower=22465736
	buildings_max_level_factor=1.000
	state_category=large_city
	local_supplies=0.000
}
