
state={
	id=25
	name="STATE_25"
	history = {
		owner = ORI
		add_core_of = ORI
		victory_points = {
			2798 14
		}
	}
	provinces={
		144 219 300 306 448 467 523 575 600 602 656 671 680 740 835 865 994 1106 1159 1181 1208 1267 1273 1274 1371 1382 1405 1441 1605 1619 1728 1929 1945 1974 1990 2008 2018 2085 2772 2798 2799 2801 2818 2830 2853 2855 2867 2878 2879 2886 2888 2891 2897 2902 2903 2906 2908 3393 3398 3414 3423 3424 3457 3465 3476 
	}
	buildings_max_level_factor=1.000
	local_supplies=0.000
        manpower=1
        state_category = town
}
