
state={
	id=27
	name="STATE_27"
	history = {
		owner = ORI
		add_core_of = ORI
		victory_points = {
			1388 6
		}
	}
	provinces={
		3 22 25 36 143 152 222 253 323 376 396 464 469 471 542 614 744 766 785 863 1017 1130 1138 1209 1218 1388 1421 1422 1464 1547 1625 1644 1647 1692 1703 1704 1729 1752 1761 1793 1900 2029 2948 2949 2950 2954 2955 2967 2970 2975 2982 2984 2986 2988 2991 2992 2993 3003 3005 3006 3007 3514 3520 3524 3534 3537 3557 3564 3569 3576 3582 3584 3589 3608 3616 
	}
	buildings_max_level_factor=1.000
	local_supplies=0.000
        manpower=1
        state_category = town
}
