
state={
	id=3
	name="STATE_3"

	history={
		owner = ORI
		add_core_of = ORI
		victory_points = {
			2837 5 
		}
		victory_points = {
			313 31 
		}

	}

	provinces={
		27 51 59 106 180 211 213 215 220 256 261 313 353 356 381 383 417 440 442 451 513 557 622 672 792 796 860 903 943 1012 1024 1053 1147 1219 1221 1225 1236 1247 1255 1328 1502 1538 1571 1572 1573 1650 1660 1680 1688 1690 1813 1954 1975 2012 2028 2032 2079 2746 2756 2775 2786 2792 2793 2825 2832 2833 2837 2841 2843 2844 2851 2852 2861 2862 2872 2873 2884 
	}
	buildings_max_level_factor=1.000
	local_supplies=0.000
        manpower=1
        state_category = town
}
