
state={
	id=30
	name="STATE_30"

	history={
		owner = URS
		add_core_of = URS
		victory_points = {
			1800 2 
		}

	}

	provinces={
		4 9 28 55 234 333 342 344 441 453 459 528 531 535 576 586 596 670 743 809 882 954 971 980 987 1016 1060 1107 1175 1192 1195 1240 1263 1281 1289 1310 1342 1357 1395 1494 1577 1587 1687 1715 1775 1794 1800 1837 1838 1881 1889 1899 1903 1980 2002 2544 2545 2576 2578 2587 2608 2609 2614 2632 2636 2637 2638 2642 2643 2645 2652 2656 2663 2664 2667 2685 2688 2706 2709 2713 2725 3280 3284 3295 3301 3304 3311 3318 3321 3322 3323 3326 11415 11424 
	}
	buildings_max_level_factor=1.000
	local_supplies=0.000
        manpower=1
        state_category = town
}
