
state={
	id=31
	name="STATE_31"

	history={
		owner = URS
		add_core_of = URS
		victory_points = {
			983 2 
		}

	}

	provinces={
		7 67 221 262 288 394 403 406 454 472 481 577 737 879 983 1011 1051 1069 1136 1145 1152 1199 1201 1214 1305 1327 1393 1632 1669 1677 1697 1711 1877 1878 1958 2536 2538 2549 2568 2603 2606 2607 2617 2622 2630 2639 2644 2649 2669 2670 3303 3324 3327 3330 3333 3335 3336 3340 3343 3346 
	}
	buildings_max_level_factor=1.000
	local_supplies=0.000
        manpower=1
        state_category = town
}
