
state={
	id=32
	name="STATE_32"

	history={
		owner = URS
		add_core_of = URS
		victory_points = {
			626 12 
		}

	}

	provinces={
		13 24 33 113 161 227 230 233 274 285 289 355 393 418 435 468 501 524 536 583 588 609 626 652 727 750 830 862 996 1091 1094 1114 1115 1120 1132 1135 1177 1226 1237 1238 1298 1349 1387 1418 1425 1475 1492 1557 1595 1616 1691 1808 1831 1858 1897 1968 1972 2044 2062 2075 2429 2436 2442 2444 2446 2462 2474 2482 2509 2510 2525 2527 2531 2543 2558 2559 2565 2571 2594 2621 2623 2628 2650 2653 2654 2672 2700 2731 2755 3173 3185 3195 3201 3204 3233 3235 3241 3249 3259 3265 3282 3300 3307 3342 3348 
	}
	buildings_max_level_factor=1.000
	local_supplies=0.000
        manpower=1
        state_category = town
}
