
state={
	id=35
	name="STATE_35"

	history={
		owner = URS
		add_core_of = URS
		victory_points = {
			1068 17 
		}

	}

	provinces={
		41 131 181 205 329 362 369 470 493 562 660 673 719 761 798 888 968 1068 1374 1440 1478 1482 1591 1783 2005 2010 2071 2230 2276 2294 2299 2337 2342 2361 2362 2372 2376 2380 2393 3061 3067 3069 3073 3086 3098 3101 3125 3128 3130 3142 3146 3148 3154 3155 3161 3162 3166 3177 3182 3184 3186 3188 3191 3194 3197 11422 11423 
	}
	buildings_max_level_factor=1.000
	local_supplies=0.000
        manpower=1
        state_category = town
}
