
state={
	id=36
	name="STATE_36"

	history={
		owner = URS
		add_core_of = URS
		victory_points = {
			2119 7 
		}

	}

	provinces={
		47 76 105 136 145 165 166 217 263 271 346 457 498 504 525 534 552 694 756 771 781 783 817 925 963 1031 1037 1050 1090 1288 1315 1333 1344 1372 1404 1504 1527 1592 1684 1815 1817 1861 1879 1898 1913 2059 2063 2086 2096 2103 2118 2119 2122 2141 2145 2146 2147 2149 2151 2157 2162 2164 2179 2192 2202 2213 2226 2252 2267 3012 3023 3025 3032 3057 3058 3072 3083 3111 11420 
	}
	buildings_max_level_factor=1.000
	local_supplies=0.000
        manpower=1
        state_category = town
}
