
state={
	id=38
	name="STATE_38"

	history={
		owner = RIA
		add_core_of = RIA
		victory_points = {
			1973 3 
		}

	}

	provinces={
		93 97 110 203 337 425 483 555 565 620 659 720 726 768 778 931 1018 1026 1041 1055 1125 1143 1153 1157 1163 1164 1180 1235 1291 1299 1306 1360 1399 1402 1409 1426 1479 1480 1525 1594 1618 1640 1674 1681 1727 1776 1810 1869 1973 2022 2185 2191 2200 2217 2225 2233 2237 2238 2260 2273 2281 2288 2305 2323 2325 2330 2334 2336 2349 2360 2366 2369 2383 
	}
	buildings_max_level_factor=1.000
	local_supplies=0.000
        manpower=1
        state_category = town
}
