
state={
	id=39
	name="STATE_39"
	history = {
		owner = RIA
		add_core_of = RIA
		victory_points = {
			880 13
		}
	}
	provinces={
		79 100 178 228 240 258 296 331 334 366 392 432 437 601 657 702 805 853 880 902 933 956 964 969 972 999 1097 1098 1121 1131 1158 1215 1234 1239 1285 1319 1353 1386 1433 1435 1456 1462 1476 1483 1484 1487 1515 1528 1553 1634 1638 1672 1719 1737 1754 1773 1803 1828 1872 1918 1944 1969 1989 1994 1998 2030 2037 2097 2123 2130 2133 2140 2144 2154 2158 2168 2169 2170 2180 2182 2183 2190 2199 2211 2214 2224 2236 2244 2254 2262 2263 2270 2271 2272 2283 2298 2303 2304 2307 2311 2329 2335 2344 2352 3024 3135 3141 
	}
	buildings_max_level_factor=1.000
	local_supplies=0.000
        manpower=1
        state_category = town
}
