
state={
	id=40
	name="STATE_40"

	history={
		owner = RIA
		add_core_of = RIA
		victory_points = {
			563 16 
		}

	}

	provinces={
		10 15 16 30 69 129 150 167 187 225 276 280 295 321 328 339 361 395 436 514 563 631 689 700 745 758 795 826 841 851 870 919 922 923 945 1021 1052 1088 1092 1102 1118 1155 1168 1189 1213 1275 1323 1331 1345 1363 1385 1396 1408 1410 1467 1489 1499 1512 1596 1629 1636 1643 1648 1651 1705 1717 1726 1774 1804 1806 1823 1853 1854 1896 1941 1979 1988 1991 2020 2042 2051 2098 2105 2120 2121 2124 2125 2127 2129 2131 2132 2136 2138 2139 2150 2156 2160 2174 2175 2176 2194 2198 2207 2208 2210 2216 2221 2229 2232 2242 2249 2261 2297 2306 2308 2318 2327 2340 2345 2348 3011 3033 3093 
	}
	buildings_max_level_factor=1.000
	local_supplies=0.000
        manpower=1
        state_category = town
}
