
state={
	id=41
	name="STATE_41"
	history = {
		owner = RIA
		add_core_of = RIA
		victory_points = {
			358 4
		}
	}
	provinces={
		64 73 104 130 252 297 358 360 405 505 566 592 607 636 642 677 698 707 741 800 807 849 856 872 938 941 982 1033 1035 1048 1140 1162 1166 1193 1198 1217 1250 1251 1356 1365 1369 1390 1394 1420 1442 1465 1466 1472 1474 1493 1554 1562 1564 1566 1585 1588 1612 1627 1665 1668 1741 1778 1782 1852 1884 1915 1931 1946 1952 1978 2046 2048 2100 2116 2134 2143 2148 2152 2155 2161 2172 2173 2177 2184 2187 2189 2193 2196 2197 2204 2205 2212 2215 2220 2235 2241 2243 2247 2248 2253 2257 2258 2259 2269 2275 2277 2282 2285 2300 2301 2315 2316 2317 2326 2332 2333 2341 2343 2347 2350 2353 2355 3035 
	}
	buildings_max_level_factor=1.000
	local_supplies=0.000
        manpower=1
        state_category = town
}
