
state={
	id=44
	name="STATE_44"
	history = {
		owner = RIA
		add_core_of = RIA
		victory_points = {
			1401 19
		}
	}
	provinces={
		29 82 124 128 138 201 218 223 314 345 423 429 434 447 503 643 710 759 762 777 930 950 1064 1065 1076 1109 1297 1324 1379 1389 1401 1507 1508 1524 1546 1574 1611 1621 1777 1788 1832 1866 1895 1922 1939 1959 1967 1985 2011 2038 2039 2077 2093 2319 2324 2338 2339 2346 2354 2356 2367 2371 2390 2395 2397 2401 2403 2409 2412 2413 2419 2422 2425 2431 
	}
	buildings_max_level_factor=1.000
	local_supplies=0.000
        manpower=1
        state_category = town
}
