
state={
	id=5
	name="STATE_5"

	history={
		owner = URS
		add_core_of = URS
		victory_points = {
			1346 19 
		}
		victory_points = {
			46 34 
		}

	}

	provinces={
		46 91 135 137 160 162 168 214 245 374 375 475 486 544 571 589 606 613 641 688 693 704 728 738 776 804 808 818 869 889 929 967 997 1006 1095 1186 1346 1419 1543 1567 1604 1620 1666 1694 1721 1765 1767 1857 2073 2074 2137 2186 2188 2227 2228 2239 2245 2290 2309 2314 2331 2357 3048 3076 3084 3085 3088 3094 3095 3112 3116 3120 3131 3133 3138 3140 3149 3151 3156 11407 
	}
	manpower=1
	buildings_max_level_factor=1.000
	state_category=town
	local_supplies=0.000
}
