
state={
	id=62
	name="STATE_62"

	history={
		owner = CLB
		add_core_of = CLB
		buildings = {
			arms_factory = 2
			industrial_complex = 3
			infrastructure = 3

		}
		victory_points = {
			890 13 
		}
		victory_points = {
			3 22 
		}

	}

	provinces={
		3 18 34 84 127 173 248 391 484 490 514 545 546 614 669 672 703 711 788 789 797 817 820 840 846 848 869 890 924 1056 1058 1100 1113 1119 1133 1169 1191 1203 1219 1309 1341 1363 1428 1441 1445 1446 1491 1601 1751 1802 1939 1942 1952 1962 1992 2007 2212 2568 2624 2803 2945 3006 3061 3090 3101 3108 3271 3300 3303 3616 3621 3622 3627 3628 3633 3635 3636 3637 3645 3646 3649 3656 3657 3666 3667 3669 3670 3676 3679 3680 3684 3685 3687 3695 3696 3701 3702 3707 3711 3712 3716 3724 3727 3731 3745 3747 3759 3760 3761 3762 3771 3777 3790 3795 3804 3817 3823 3833 3857 6723 
	}
	manpower=6981434
	buildings_max_level_factor=1.000
	state_category=large_city
	local_supplies=0.000
}
