
state={
	id=72
	name="STATE_72"

	history={
		owner = ANT
		add_core_of = ANT
		victory_points = {
			2871 19 
		}

	}

	provinces={
		12 31 52 80 88 90 94 111 119 182 192 254 299 341 343 428 450 461 491 496 511 553 570 595 597 623 624 637 638 655 676 690 732 739 769 773 812 834 843 845 858 873 901 909 910 911 920 952 959 962 998 1002 1003 1004 1008 1027 1036 1044 1056 1059 1082 1084 1127 1137 1151 1160 1161 1178 1200 1231 1292 1293 1296 1309 1335 1336 1338 1358 1413 1424 1434 1501 1519 1529 1535 1541 1563 1615 1652 1653 1657 1675 1712 1732 1740 1745 1766 1805 1834 1848 1856 1914 1932 1933 1938 1943 1977 1983 1995 1996 2004 2013 2025 2033 2047 2058 2113 2761 2762 2782 2789 2796 2805 2814 2815 2820 2824 2834 2835 2838 2839 2840 2846 2847 2850 2854 2856 2857 2858 2859 2864 2865 2870 2871 2880 2881 2885 2887 2890 2899 2909 2914 2919 2927 2929 2930 2933 2938 2941 2943 2944 3405 3410 3417 3438 3440 3451 3466 3468 3475 3478 3493 11416 
	}
	buildings_max_level_factor=1.000
	local_supplies=0.000
        manpower=1
        state_category = town
}
