
state={
	id=75
	name="STATE_75"

	history={
		owner = ANT
		add_core_of = ANT
		victory_points = {
			2789 4 
		}

	}

	provinces={
		60 193 206 237 278 291 385 390 455 494 497 517 572 619 634 666 751 810 822 868 1043 1074 1086 1087 1126 1197 1211 1265 1269 1377 1403 1416 1428 1448 1503 1516 1536 1560 1609 1678 1693 1820 1827 1875 1906 1910 1947 2068 2791 2795 2802 2803 2806 2808 2822 2826 2828 2831 2849 2860 2895 2912 
	}
	buildings_max_level_factor=1.000
	local_supplies=0.000
        manpower=1
        state_category = town
}
