
state={
	id=9
	name="STATE_9"

	history={
		owner = AQU
		add_core_of = AQU
		victory_points = {
			247 12 
		}
		victory_points = {
			981 31 
		}

	}

	provinces={
		176 247 283 398 414 431 487 546 547 556 560 561 615 649 713 772 799 801 844 883 946 981 1015 1030 1083 1339 1341 1378 1381 1412 1444 1452 1453 1555 1600 1613 1846 1855 1865 1894 1917 1923 1928 1986 2000 2015 2026 2082 2570 2574 2583 2599 2605 2613 2633 2635 2657 2675 2679 2691 2696 2710 2715 2719 2720 2735 2740 2741 2745 2752 2766 2771 2778 
	}
	buildings_max_level_factor=1.000
	local_supplies=0.000
        manpower=1
        state_category = town
}
